A    PRECIPITATION (MM)
A    COMPLETION AND EXTENSION OF PRECIPITATION SERIES
A
B   1988       1       1      27       1       4       1       0       0       0
C      0       0       0       0       0    2015       1    2018       0       1
H1011988    -1    -1  6880 11870  7660    -1    -1    -1    -1    -1    -1    -1
H1011989    -1    -1    -1    -1    -1    -1    -1    -1    -1    -1    -1    -1
H1011990    -1    -1    -1    -1    -1    -1    -1    -1    -1    -1    -1    -1
H1011991 24950  5440  9880  9660  7780  1500  2840  3460  3360  1040  6770 10540
H1011992  5750 12300  9930 19980  4920  3180  2490  2770  4670 12920 10960  8300
H1011993  4960 13200 25370 11650  7290  6340  1880  1480  3980 13080  6680 19080
H1011994 15460 14000 17870 16960 12490  6890  3780   980  5410  6850  7160 12260
H1011995  7460  4380 12030  6600  9090  2750  4000  1330  2220  4060 23710 17300
H1011996 13360 10990 14230 15410 10620  3660  1200  3730  4770 13440  6750  5700
H1011997 10690 19730  3960 18370  6040  2400  2860  2980  3730  5260 14290 11140
H1011998  9530 11210 20200 25350 11500  6120  3710  1320  3920 15240 12050  5840
H1011999 14960 29260 11660 15750 17200 12680  4320  2040  8820  6930  5920 20310
H1012000  3240 13630 28340 19170 18660  6940  3890  3130  7680  1850  2060 11960
H1012001 20170  7610 13330 11710  7120  1420  6280  2410  6280  6810 18580 11750
H1012002  5680 10570  9880 18120 11950  2870  9240   740  3910 12540 14680 10560
H1012003 11960 10850 14660 17550 14040 12110  3710  1130  3060 14870 10360 11200
H1012004  9300  3510 13560 15780 10510  6380  5730  2170  6920 15810 11130 14080
H1012005 12110 20640 27840 14180 10420  7510   840  1170  4030 12840 11640 20210
H1012006 15330 17200 25060 13050  5580 11030    -1  1410  1330 11850 17270 11250
H1012007 14950  4720 19040 16250 12050  9070  5230  5600  2230 15580 30330  9040
H1012008 12150 30330 16300 16740  6390  6490  7430  4400  4970 16450 23490  4760
H1012009 29350 13540 20990 17180 10900  7020  7480  2910  4420  6900 10070 13110
H1012010  6180 24860 14120 20200  8380  5430  2110  2370  3810  8160    -1  9920
H1012011 10910 18020 14490 21530  7070  4120  4160  1820 16610  8690 14390 26910
H1012012 30550 18020 20220 22390  9290  4850  4050  3850  1520 24550 13240 15130
H1012013  9940  9590 12870  5090 23850  5530  9190  6370  4370 10180  3610 11430
H1012014 10350  9930    -1    -1 20270  9430  3740    -1    -1    -1    -1    -1
H1021988  6750  6760 11270 11880  2590   510  1800  3230  8130  4840  5720  9740
H1021989 10960 12250 12900  9500  4400  3450   520    70  9420  8160   520   120
H1021990  6160  6280  9590  9130  3450  3970  2650   250   670 10570  8900  5450
H1021991  2890  8880  6430  5970  2010  1100   430   150  1300  4640   170  9570
H1021992  5840  4200  5190 12470    50   150   390   620  5420  4280  3550  6870
H1021993  2690 13130 18930 12870  4650   710  1150   980  5180 13050  2500 10890
H1021994  6990  8350 15610  8520  4600  1660   390   150  4140  1730  5030  4910
H1021995  6320  7180 12090  5090  5730   310  3050  1770   700  2290 10620 16040
H1021996  2120 13860 13440  6420  3080  3010     0  2580  2100  9080  2060  1760
H1021997  3760 11830  5490  8110  1090   710    90   340  1070  1610  6800  8690
H1021998  4530 14960 23130 17200  8350  3340     0  1180  6400  9790  4500  3540
H1021999 10990 19630 13350 12860  7850  4370  2440     0  6500  4230  3970  8210
H1022000  4220 14770 15040 13470  6260  4980  1290  1370  7330  2050  2140  8470
H1022001 11210  7090 14490  4380  3710   640  1570   180  6150  4800 11370  7940
H1022002  4970 14320  9800 17580  4540  1260  2170     0   520 10200  9010  5330
H1022003  8000 11630  9210  2970  6370  3840   840   420  2090  3530  5810  7330
H1022004  5680  2210  5090  5470  5430  1330  2160   170  4100  9060  4680  8700
H1022005  1510 12560 13120  2030  1100  1120   240   330   570 12380  1980 10520
H1022006  7350 15910 25810  6480   940  3410  3280     0  1350  4640  4890  4510
H1022007  7230  4470 16370 12290  4530     0     0    -1   340 16000 13660  6110
H1022008  7060 23820 16940 17280  6190  3110  2420  2340  3550 15500  6150  1430
H1022009 14480  8350 22400  5310  2850   700  1000  1590  1940  3790  5500  5270
H1022010  3320 21220 12420 13830  2780  2530   940  1300  9510  6590  5310  9380
H1022011  7150  9530  4840 19920  7060   470  1570   700  8430  8340  5160 13840
H1022012 21150 16970 20990 10470  3530  1000     0  1420  1270 10520 10100  6060
H1022013 11660 13080 16490  5400 14480   590  2480  1120   560 16430     0  8340
H1022014    -1    -1    -1  5320 11990  3510    -1    -1    -1    -1    -1    -1
H1031988  3719  5493   902  7283  1406     0   660   132  1073   258  5050  3270
H1031989  7708  3431  3624  7666  2422  1067     0     0  3273  7766     2  1280
H1031990  4055  2482  4433  5674  1943    58    75     1     0 15231  9912  1304
H1031991   646   179  1830  3615   411   592     3     3   822  1320   821  4043
H1031992   533  1200  1742  3186  2103   162    20     2   925  4272  2611  1914
H1031993  1310  7264 16544  2176  3703    64    83   223  4903  2904  1842  5313
H1031994  2104  9688 12254 17002   885    81    72     0  1553   133  1321   686
H1031995    44  2774  4151  3981   215     1   841   210   201  2225  2315  9363
H1031996   482  5164  7257  6252  2476     2     0    44  1222  5787   800   232
H1031997   841  7133  1022  1344   171     3   510    30   181  2950  2422  2361
H1031998  4602  6101 15903 12045  3673  1363     1   120  1901  6541  1550  1850
H1031999  5891 15522  3100  5371  4082  1762   300     1  1834  1153   563  6913
H1032000  1693  7996  8244 11272 11456  2981   372   442  2930    62   891  3043
H1032001  7221  3622 10351  4133  1613   502   650   340  3072  1631  7813  1272
H1032002   501  3302 16082  4754  1614   312  1283     0    40  4963  4174  3083
H1032003   524  5840  3084  2004  1463  2611   941     1   311  1301  2872  1442
H1032004  1631   853   780  3152  2932   652   201     0   721  4713  2663  4621
H1032005   425  3805 15443  2183   383   172     0    42   380  6485   692  3631
H1032006  1383  5915 12323  6253  2460  5063  4170     2    33   322  2953   541
H1032007  2483   640  4243  9281  2021   451   372    77    32  8780 12282  1220
H1032008  2039 21991  7311 10091  2535  1023   422   744   232  6603  7792   990
H1032009  7324  7723  9202  1511  1071   121    70    50   490  2100  4130  1533
H1032010  1900  6622 20433  7352   481   700   490   510    93  5232  2591  4772
H1032011  7964  4591  2862 10251  2272     1   353     2  1826  5921  4820  9092
H1032012 10200 10690  6021  9642   473    23     0     2     3  3641  6495  3215
H1032013  1791  3990  4471     0 11560     0   641    -1   650  2770  1280  2730
H1032014    -1   210  4010  3400  1290   520     0    -1    -1    -1    -1    -1
H1041988    -1    -1    -1    -1  8100  2840  2200  1070 16100 17670 53990    -1
H1041989    -1    -1    -1    -1    -1    -1    -1    -1    -1    -1    -1    -1
H1041990    -1    -1    -1    -1    -1    -1    -1    -1    -1    -1    -1    -1
H1041991    -1    -1    -1    -1    -1    -1    -1    -1    -1    -1    -1    -1
H1041992    -1    -1    -1    -1    -1  1250 19910 42700 84280  8180  6860 22240
H1041993 10390 12170 26490 21250  6650 29430 30940 23880  6080 34200 17330 41180
H1041994 18210 19290 20440 21490 21210  6100  3820  2120  6560    -1 19890 25280
H1041995 14680  6960 18780  8070 24650 11380    -1  1070  2030 11230 18710 18040
H1041996 12370 17860 24510 19130 12270  9520   930  4610  5870 14220  4230 11400
H1041997  6650 25090  9590 22320 13320 12881  6950  4620  5330 16740 12770 14750
H1041998 22430 21710 19740 30260 24090  5120  3690  2830  6140 23250 22470  7220
H1041999 26830 38800 27130 18180 17400 15730 12210  2610 16450 22370 11410 32320
H1042000 16280 15080 31030 23280 26550 15030  9960  7820 18750  3140  5180 12310
H1042001 22020  9830 10630 21290 18540  2180  5050  3020 12480 17820 25740 14060
H1042002 13250 20390 14000 15480 19810  4050 26150  6480  6770 17880 19000 15270
H1042003 12440 14070 21070 17900 22830 13610  6140  6600  4060 17420 14080 14200
H1042004 11160  7730 14330 16810 22700  8020  5740  2780  8280 15730 23590 16020
H1042005  8060 21980 26900 16760 12480  9570  2820  3730  6570 20980 18560 20640
H1042006 24050 27620 28590 11190  8380    -1  2330  2570  3170 16130 16100 27040
H1042007 22650  8070 16650 15010 15500  8590  8060  6820  8460 24340 36730 19180
H1042008 17736 41770 25810 10970 13730  9820  8710  6560  3610 16500 18410  2550
H1042009 37280 19540 34140 22650 19120  8180 14880  6070  7270 17110 13590 16590
H1042010 13240 20950  9240 25420  4960  4280  1110  2090  5420 11200  6040 15660
H1042011 21520 17180 17100 19360  8230  7040  7180  2780  9080 12870 19760 40260
H1042012 39980 27020 27830 23460  8220  5750  9670  5010  2690 18340 14260 24940
H1042013 12480 22950 18070  9250 30420  9460  6800  8890  5350 18820  3780 15010
H1042014 21310 17350    -1    -1 42780 10850    -1    -1    -1    -1    -1    -1
H1051988  9610 18811 13209 20008    11     0  3012     0     0     9     3     0
H1051989 10125 12712 20408 28705    12  7009  2614    12     7     6  2204     0
H1051990    16  5319  6015  1112     0     0     0     0     0     0 31309     1
H1051991  3412 14111 10012 12811  3213    10    -1    -1    -1    -1    -1    -1
H1051992 18666  3963 11132  2038 21729     7     0     0     0 10450  3270  2400
H1051993  3970 11400 11260 11510  1710   680   410   420  2580  6370  5050 14710
H1051994  4920  7210 13600 13100  3060  1190    50   170  4490   660  5740  4350
H1051995  1470  2960  5020  3870  1080    50  1600   100   440  2350 10410 11360
H1051996  2380  4970 10120  7590  1350  1620     0   140  1310  6070  5020  2230
H1051997  4030  6600   870  4470   920  1130   420   140   290  2370  3670   800
H1051998  3500  6920 17530 14570  4450  1370     0  1010  7000  8910  4880  3590
H1051999  8600 14850  7720  5630  8210  3060   690    80  7480  2990  4030  8890
H1052000  4810 14380  6530 12530  5660  4320   380   790  6030   360  1940  7980
H1052001 12100  6910 13930  2560  6620   390  1100     0  4940  8680  7160  5570
H1052002  3300  4040  2920  8550  2460   510  2350     0   250  9980  7060  4730
H1052003  1890  5760  8710  3330  2910  2440   300   250  1220  7720  5490  4730
H1052004  2470  2710  1390 13780  4830   400  1120     0  4820  9610  9110 10970
H1052005   990 11250 17120  3250  1430   680    10  1100  1870  5020  1710  9930
H1052006 13810 12580 21000 10150  1440  1780  2640   210   360  5060  4830  2120
H1052007  6840  2730 12460  9280  6160   111   972  1251   770 15960 23380  3992
H1052008  6781 16231 12022  7452  2792  2980   491  1912  1013 14073  9141  3730
H1052009 14490  7931 14461  9531   773   891   644   970   622  7330  4420  3441
H1052010  1222 13124 11462  4834  1632   414    32   311  1261  6190  2341  8582
H1052011  3970  7844  7091 14522  5001   231   421   100  2192 10080  5490 11500
H1052012  9281  9922 11371 10340  1340   383   220   101   260 11660  8620  6690
H1052013  5062  3431  9730  2060 13490   300   240  1840   550  8520  2910  8460
H1052014    -1    -1    -1  4780 11110   990    -1    -1    -1    -1    -1    -1
H1061988  1854  3401  2452  1252   253   404   801  1552  2002   501  4300  3601
H1061989  2852  1901  2354  2653  1703  1651  1802  2052  1955  1054  1602  2451
H1061990  4002  1751  1904  2353  2352  2554  1907  2453  2454  3802  1554  2401
H1061991  2203  3203  2552  2901  3054  1151  1152   552  2254   703  1002  1201
H1061992   952  2502  3203  2803  2054  1903  1353  1253  1952  2203  1102  1504
H1061993  2751 10651 10854  6652  3303  2355  1901  4253  2703 11950  6151  6651
H1061994  8152 15751 18003 13301 10000  4050  3100  1700  5900  4200  5050  8003
H1061995  8050  2600  8101  4751  4252  4350  3400  1000  2402  5201  9100 22800
H1061996  2870 13000 16901  8900  7800  5150  1301  3600  2500 12100  8550  5000
H1061997  7200 16850  1751 10900  6000  2752     0  2901  2200  5850  4700  7400
H1061998  7900 10600 29551 29900  9800  5053   903   752  3750 10350  5700  2800
H1061999 12351 33530  7531 11520  5130  9390  9520  1750  6850  7660  2880  7470
H1062000  6740 12340 10900 15080  9130  8690  1590  5890 13610  4060  3110 15890
H1062001 14510 10340 13300 10220 10200  1610  7860  1940 10560  7230  9110 13030
H1062002  5460 12950 10710 16470  5960  5350  7960   440  2800 12850 11010  7800
H1062003  7290 11930  9420  7280  9560  5770  1650  1450  1560  7890  7410 10410
H1062004  5760  7980  5770 16130 10850  6060  9970  2130  4110  7990 17100 10200
H1062005  4400 20000 15290  2420  3910  6460  2170   840  1550 15840  7340  6660
H1062006 10450 15360 25150  8580  3530  5940  2260  1900  4070 10860 10030  3800
H1062007 11590  3570 12920  9530  9290  1670  4330  3080  2050 12810 23510  4750
H1062008 11610 29720 14320 11850  6760  3850  5740  2610  8490 12920  5140  4960
H1062009 12240 11830 25750 13230  6740  7020  5150  3590  5060  5550 12140  6600
H1062010  3200 17210 16620 18040  5250  2510  2080   540  4090  7240  4430 10090
H1062011  6440  5840 13580 12290  7890  4750  4120  1970  7610 13320  6680 13130
H1062012 16590 12700 14950 21770  4620  1780  4020  2840  1450  8980  8840 12930
H1062013 12250  8350 16630 12750 18540  3250  1760  6990  1890 12930  2340  8170
H1062014    -1    -1    -1 12860 13820  4830    -1    -1    -1    -1    -1    -1
H1071988    -1    -1  2770  5893  4638   433   353   735  6373  5771  6720  3780
H1071989 17881 12450  7250  7200  1461   400   170    40   200  7521     0    60
H1071990  5791  4301  5749 11001  3300  2275   256    20     1 18020  5542  4621
H1071991  5493 10521  9530  3872  1731   710   100    91   780  2241  1861  8954
H1071992  4562  3325  4594  7483  4631  1171   122     1  2861  6823  6761  9332
H1071993  3292 14710 24120  5380  2820   750    50   150  4560  5740  3810 10320
H1071994  9330 13130 17220 13210  4100  2450   500   110  3940  1530  4530  6700
H1071995  3460  4910  8560  7900   270     0  1650   650   650  2620  8600 13940
H1071996 12380  9310  8170  7350  2490   520  2180   820   320  5470  2440  1800
H1071997  2630 10400  3840  4820   970   400   310     0   290  3300 11230  6830
H1071998  4990 14630 14900 16270  3560  1590   520     0  3550 13750  3010  2330
H1071999  9020 22190 19750  5710  9340  4150  1630     0  7620  2400  2760  9290
H1072000  3580 15610 29550  6430  7870  3470   540     0  4130   220     0  6710
H1072001  9570 11220 14350  5520  3120  3610  1530  2030  2370  3890 10030  2050
H1072002  6900 10500 10570 11990  3040   920  1480     0   730  7650  7550  3940
H1072003  2720  5380  7990  3970  4670  2770   540     0  2220   770  3340  2950
H1072004  1810  1350  4480  7010  3050   830  1170     0  1190  9090  6140  9530
H1072005  1060    -1 31840  4520   780   680     0     0  1550  5090  2430  8960
H1072006  8320 19220 21420 11450   730  2850   640   190   670  2290 10040    -1
H1072007  6150  4670 14250 10040  5410  2380   170  1190   250 12640  9540  3260
H1072008  5280 23070 17860 13740  2000  3440  3360   610   510 10650 15580     0
H1072009 17740  9520 18660  8810  2530   630    60   500  1860  4820  3160  5220
H1072010  4560 11570  8130  5900  2130  1170   760  1240  1960  3140  2450  5840
H1072011  3660  5020  5980 13260  1370  2610  1880   430  2990  2460  8350  8590
H1072012  8770 16210  7530  6780   790   530    70   380    40 10930  7600  3940
H1072013  5710  1400  5000   490  5980   610  3780   760   200  8290    20  2190
H1072014  2300  6130 12800  2080  8710   700   160    -1    -1    -1    -1    -1
A
